8.57142857142857210000000000000000e-001 1.42857142857142850000000000000000e-001 0.00000000000000000000000000000000e+000 0.00000000000000000000000000000000e+000 0.00000000000000000000000000000000e+000 
0.00000000000000000000000000000000e+000 7.49999999999999890000000000000000e-001 2.50000000000000060000000000000000e-001 0.00000000000000000000000000000000e+000 0.00000000000000000000000000000000e+000 
0.00000000000000000000000000000000e+000 0.00000000000000000000000000000000e+000 9.23076923076923130000000000000000e-001 7.69230769230769270000000000000000e-002 0.00000000000000000000000000000000e+000 
0.00000000000000000000000000000000e+000 0.00000000000000000000000000000000e+000 0.00000000000000000000000000000000e+000 0.00000000000000000000000000000000e+000 1.00000000000000000000000000000000e+000 
0.00000000000000000000000000000000e+000 0.00000000000000000000000000000000e+000 0.00000000000000000000000000000000e+000 0.00000000000000000000000000000000e+000 1.00000000000000000000000000000000e+000 

8.00007587292076440000000000000000e-001 1.99992412707923590000000000000000e-001 0.00000000000000000000000000000000e+000 0.00000000000000000000000000000000e+000 0.00000000000000000000000000000000e+000 
0.00000000000000000000000000000000e+000 7.49929515911544330000000000000000e-001 2.50070484088455610000000000000000e-001 0.00000000000000000000000000000000e+000 0.00000000000000000000000000000000e+000 
0.00000000000000000000000000000000e+000 0.00000000000000000000000000000000e+000 9.23082459822208160000000000000000e-001 7.69175401777918290000000000000000e-002 0.00000000000000000000000000000000e+000 
0.00000000000000000000000000000000e+000 0.00000000000000000000000000000000e+000 0.00000000000000000000000000000000e+000 9.37410386375043370000000000000000e-001 6.25896136249565890000000000000000e-002 
0.00000000000000000000000000000000e+000 0.00000000000000000000000000000000e+000 0.00000000000000000000000000000000e+000 0.00000000000000000000000000000000e+000 1.00000000000000000000000000000000e+000 

8.88888888888888840000000000000000e-001 1.11111111111111100000000000000000e-001 0.00000000000000000000000000000000e+000 0.00000000000000000000000000000000e+000 0.00000000000000000000000000000000e+000 
0.00000000000000000000000000000000e+000 5.00000000000000000000000000000000e-001 5.00000000000000000000000000000000e-001 0.00000000000000000000000000000000e+000 0.00000000000000000000000000000000e+000 
0.00000000000000000000000000000000e+000 0.00000000000000000000000000000000e+000 9.09090909090909060000000000000000e-001 9.09090909090909120000000000000000e-002 0.00000000000000000000000000000000e+000 
0.00000000000000000000000000000000e+000 0.00000000000000000000000000000000e+000 0.00000000000000000000000000000000e+000 8.73990618192153290000000000000000e-001 1.26009381807846740000000000000000e-001 
0.00000000000000000000000000000000e+000 0.00000000000000000000000000000000e+000 0.00000000000000000000000000000000e+000 0.00000000000000000000000000000000e+000 1.00000000000000000000000000000000e+000 

5.00000000000000000000000000000000e-001 5.00000000000000000000000000000000e-001 0.00000000000000000000000000000000e+000 0.00000000000000000000000000000000e+000 0.00000000000000000000000000000000e+000 
0.00000000000000000000000000000000e+000 8.53519805713263250000000000000000e-001 1.46480194286736730000000000000000e-001 0.00000000000000000000000000000000e+000 0.00000000000000000000000000000000e+000 
0.00000000000000000000000000000000e+000 0.00000000000000000000000000000000e+000 8.77647980524458910000000000000000e-001 1.22352019475541100000000000000000e-001 0.00000000000000000000000000000000e+000 
0.00000000000000000000000000000000e+000 0.00000000000000000000000000000000e+000 0.00000000000000000000000000000000e+000 9.17577592892950710000000000000000e-001 8.24224071070492480000000000000000e-002 
0.00000000000000000000000000000000e+000 0.00000000000000000000000000000000e+000 0.00000000000000000000000000000000e+000 0.00000000000000000000000000000000e+000 1.00000000000000000000000000000000e+000 

8.57142857142857100000000000000000e-001 1.42857142857142850000000000000000e-001 0.00000000000000000000000000000000e+000 0.00000000000000000000000000000000e+000 0.00000000000000000000000000000000e+000 
0.00000000000000000000000000000000e+000 6.66666666666666630000000000000000e-001 3.33333333333333310000000000000000e-001 0.00000000000000000000000000000000e+000 0.00000000000000000000000000000000e+000 
0.00000000000000000000000000000000e+000 0.00000000000000000000000000000000e+000 8.75000000000000000000000000000000e-001 1.24999999999999970000000000000000e-001 0.00000000000000000000000000000000e+000 
0.00000000000000000000000000000000e+000 0.00000000000000000000000000000000e+000 0.00000000000000000000000000000000e+000 7.99999999999999930000000000000000e-001 2.00000000000000040000000000000000e-001 
0.00000000000000000000000000000000e+000 0.00000000000000000000000000000000e+000 0.00000000000000000000000000000000e+000 0.00000000000000000000000000000000e+000 1.00000000000000000000000000000000e+000 

8.57142857142857100000000000000000e-001 1.42857142857142850000000000000000e-001 0.00000000000000000000000000000000e+000 0.00000000000000000000000000000000e+000 0.00000000000000000000000000000000e+000 
0.00000000000000000000000000000000e+000 6.66666666666666630000000000000000e-001 3.33333333333333310000000000000000e-001 0.00000000000000000000000000000000e+000 0.00000000000000000000000000000000e+000 
0.00000000000000000000000000000000e+000 0.00000000000000000000000000000000e+000 9.23076923076923130000000000000000e-001 7.69230769230769270000000000000000e-002 0.00000000000000000000000000000000e+000 
0.00000000000000000000000000000000e+000 0.00000000000000000000000000000000e+000 0.00000000000000000000000000000000e+000 4.35106728154089300000000000000000e-001 5.64893271845910760000000000000000e-001 
0.00000000000000000000000000000000e+000 0.00000000000000000000000000000000e+000 0.00000000000000000000000000000000e+000 0.00000000000000000000000000000000e+000 1.00000000000000000000000000000000e+000 

7.50000000000000000000000000000000e-001 2.50000000000000000000000000000000e-001 0.00000000000000000000000000000000e+000 0.00000000000000000000000000000000e+000 0.00000000000000000000000000000000e+000 
0.00000000000000000000000000000000e+000 8.33333333333333370000000000000000e-001 1.66666666666666660000000000000000e-001 0.00000000000000000000000000000000e+000 0.00000000000000000000000000000000e+000 
0.00000000000000000000000000000000e+000 0.00000000000000000000000000000000e+000 0.00000000000000000000000000000000e+000 1.00000000000000000000000000000000e+000 0.00000000000000000000000000000000e+000 
0.00000000000000000000000000000000e+000 0.00000000000000000000000000000000e+000 0.00000000000000000000000000000000e+000 9.16666666666666630000000000000000e-001 8.33333333333333290000000000000000e-002 
0.00000000000000000000000000000000e+000 0.00000000000000000000000000000000e+000 0.00000000000000000000000000000000e+000 0.00000000000000000000000000000000e+000 1.00000000000000000000000000000000e+000 

8.33333333333333370000000000000000e-001 1.66666666666666660000000000000000e-001 0.00000000000000000000000000000000e+000 0.00000000000000000000000000000000e+000 0.00000000000000000000000000000000e+000 
0.00000000000000000000000000000000e+000 6.66666666666666630000000000000000e-001 3.33333333333333310000000000000000e-001 0.00000000000000000000000000000000e+000 0.00000000000000000000000000000000e+000 
0.00000000000000000000000000000000e+000 0.00000000000000000000000000000000e+000 9.09090909090909060000000000000000e-001 9.09090909090909120000000000000000e-002 0.00000000000000000000000000000000e+000 
0.00000000000000000000000000000000e+000 0.00000000000000000000000000000000e+000 0.00000000000000000000000000000000e+000 8.57142857142857210000000000000000e-001 1.42857142857142850000000000000000e-001 
0.00000000000000000000000000000000e+000 0.00000000000000000000000000000000e+000 0.00000000000000000000000000000000e+000 0.00000000000000000000000000000000e+000 1.00000000000000000000000000000000e+000 

6.67154589131809690000000000000000e-001 3.32845410868190310000000000000000e-001 0.00000000000000000000000000000000e+000 0.00000000000000000000000000000000e+000 0.00000000000000000000000000000000e+000 
0.00000000000000000000000000000000e+000 8.66193649584171110000000000000000e-001 1.33806350415828830000000000000000e-001 0.00000000000000000000000000000000e+000 0.00000000000000000000000000000000e+000 
0.00000000000000000000000000000000e+000 0.00000000000000000000000000000000e+000 8.83027249880564470000000000000000e-001 1.16972750119435550000000000000000e-001 0.00000000000000000000000000000000e+000 
0.00000000000000000000000000000000e+000 0.00000000000000000000000000000000e+000 0.00000000000000000000000000000000e+000 9.06126558840349090000000000000000e-001 9.38734411596508500000000000000000e-002 
0.00000000000000000000000000000000e+000 0.00000000000000000000000000000000e+000 0.00000000000000000000000000000000e+000 0.00000000000000000000000000000000e+000 1.00000000000000000000000000000000e+000 

9.09073089929291030000000000000000e-001 9.09269100707090080000000000000000e-002 0.00000000000000000000000000000000e+000 0.00000000000000000000000000000000e+000 0.00000000000000000000000000000000e+000 
0.00000000000000000000000000000000e+000 4.97348687998089510000000000000000e-001 5.02651312001910490000000000000000e-001 0.00000000000000000000000000000000e+000 0.00000000000000000000000000000000e+000 
0.00000000000000000000000000000000e+000 0.00000000000000000000000000000000e+000 9.00115089948466340000000000000000e-001 9.98849100515336740000000000000000e-002 0.00000000000000000000000000000000e+000 
0.00000000000000000000000000000000e+000 0.00000000000000000000000000000000e+000 0.00000000000000000000000000000000e+000 7.80199936175189790000000000000000e-001 2.19800063824810270000000000000000e-001 
0.00000000000000000000000000000000e+000 0.00000000000000000000000000000000e+000 0.00000000000000000000000000000000e+000 0.00000000000000000000000000000000e+000 1.00000000000000000000000000000000e+000 

7.73462060904117730000000000000000e-001 2.26537939095882320000000000000000e-001 0.00000000000000000000000000000000e+000 0.00000000000000000000000000000000e+000 0.00000000000000000000000000000000e+000 
0.00000000000000000000000000000000e+000 8.51280805393835550000000000000000e-001 1.48719194606164450000000000000000e-001 0.00000000000000000000000000000000e+000 0.00000000000000000000000000000000e+000 
0.00000000000000000000000000000000e+000 0.00000000000000000000000000000000e+000 8.17005520539562210000000000000000e-001 1.82994479460437730000000000000000e-001 0.00000000000000000000000000000000e+000 
0.00000000000000000000000000000000e+000 0.00000000000000000000000000000000e+000 0.00000000000000000000000000000000e+000 9.05935815713450280000000000000000e-001 9.40641842865496680000000000000000e-002 
0.00000000000000000000000000000000e+000 0.00000000000000000000000000000000e+000 0.00000000000000000000000000000000e+000 0.00000000000000000000000000000000e+000 1.00000000000000000000000000000000e+000 

8.88888737139606480000000000000000e-001 1.11111262860393520000000000000000e-001 0.00000000000000000000000000000000e+000 0.00000000000000000000000000000000e+000 0.00000000000000000000000000000000e+000 
0.00000000000000000000000000000000e+000 5.00003279378875120000000000000000e-001 4.99996720621124880000000000000000e-001 0.00000000000000000000000000000000e+000 0.00000000000000000000000000000000e+000 
0.00000000000000000000000000000000e+000 0.00000000000000000000000000000000e+000 8.88888109954314000000000000000000e-001 1.11111890045686070000000000000000e-001 0.00000000000000000000000000000000e+000 
0.00000000000000000000000000000000e+000 0.00000000000000000000000000000000e+000 0.00000000000000000000000000000000e+000 7.46092186267419470000000000000000e-001 2.53907813732580480000000000000000e-001 
0.00000000000000000000000000000000e+000 0.00000000000000000000000000000000e+000 0.00000000000000000000000000000000e+000 0.00000000000000000000000000000000e+000 1.00000000000000000000000000000000e+000 

8.54193668582942210000000000000000e-001 1.45806331417057840000000000000000e-001 0.00000000000000000000000000000000e+000 0.00000000000000000000000000000000e+000 0.00000000000000000000000000000000e+000 
0.00000000000000000000000000000000e+000 1.28158642442435970000000000000000e-001 8.71841357557563980000000000000000e-001 0.00000000000000000000000000000000e+000 0.00000000000000000000000000000000e+000 
0.00000000000000000000000000000000e+000 0.00000000000000000000000000000000e+000 9.41157743531911620000000000000000e-001 5.88422564680883620000000000000000e-002 0.00000000000000000000000000000000e+000 
0.00000000000000000000000000000000e+000 0.00000000000000000000000000000000e+000 0.00000000000000000000000000000000e+000 7.46470931747674760000000000000000e-001 2.53529068252325350000000000000000e-001 
0.00000000000000000000000000000000e+000 0.00000000000000000000000000000000e+000 0.00000000000000000000000000000000e+000 0.00000000000000000000000000000000e+000 1.00000000000000000000000000000000e+000 

8.33333333333333370000000000000000e-001 1.66666666666666660000000000000000e-001 0.00000000000000000000000000000000e+000 0.00000000000000000000000000000000e+000 0.00000000000000000000000000000000e+000 
0.00000000000000000000000000000000e+000 8.57142857142857100000000000000000e-001 1.42857142857142850000000000000000e-001 0.00000000000000000000000000000000e+000 0.00000000000000000000000000000000e+000 
0.00000000000000000000000000000000e+000 0.00000000000000000000000000000000e+000 8.75000000009106490000000000000000e-001 1.24999999990893590000000000000000e-001 0.00000000000000000000000000000000e+000 
0.00000000000000000000000000000000e+000 0.00000000000000000000000000000000e+000 0.00000000000000000000000000000000e+000 9.30955715347688840000000000000000e-001 6.90442846523111750000000000000000e-002 
0.00000000000000000000000000000000e+000 0.00000000000000000000000000000000e+000 0.00000000000000000000000000000000e+000 0.00000000000000000000000000000000e+000 1.00000000000000000000000000000000e+000 

8.56913782595662310000000000000000e-001 1.43086217404337690000000000000000e-001 0.00000000000000000000000000000000e+000 0.00000000000000000000000000000000e+000 0.00000000000000000000000000000000e+000 
0.00000000000000000000000000000000e+000 6.63482955595968370000000000000000e-001 3.36517044404031570000000000000000e-001 0.00000000000000000000000000000000e+000 0.00000000000000000000000000000000e+000 
0.00000000000000000000000000000000e+000 0.00000000000000000000000000000000e+000 9.16991701316787640000000000000000e-001 8.30082986832123560000000000000000e-002 0.00000000000000000000000000000000e+000 
0.00000000000000000000000000000000e+000 0.00000000000000000000000000000000e+000 0.00000000000000000000000000000000e+000 8.77806672867155750000000000000000e-001 1.22193327132844250000000000000000e-001 
0.00000000000000000000000000000000e+000 0.00000000000000000000000000000000e+000 0.00000000000000000000000000000000e+000 0.00000000000000000000000000000000e+000 1.00000000000000000000000000000000e+000 

8.39856366830103450000000000000000e-001 1.60143633169896580000000000000000e-001 0.00000000000000000000000000000000e+000 0.00000000000000000000000000000000e+000 0.00000000000000000000000000000000e+000 
0.00000000000000000000000000000000e+000 8.51974781608843990000000000000000e-001 1.48025218391156040000000000000000e-001 0.00000000000000000000000000000000e+000 0.00000000000000000000000000000000e+000 
0.00000000000000000000000000000000e+000 0.00000000000000000000000000000000e+000 9.23076923076923130000000000000000e-001 7.69230769230769270000000000000000e-002 0.00000000000000000000000000000000e+000 
0.00000000000000000000000000000000e+000 0.00000000000000000000000000000000e+000 0.00000000000000000000000000000000e+000 8.30987087147510790000000000000000e-001 1.69012912852489210000000000000000e-001 
0.00000000000000000000000000000000e+000 0.00000000000000000000000000000000e+000 0.00000000000000000000000000000000e+000 0.00000000000000000000000000000000e+000 1.00000000000000000000000000000000e+000 

8.41147648343659180000000000000000e-001 1.58852351656340760000000000000000e-001 0.00000000000000000000000000000000e+000 0.00000000000000000000000000000000e+000 0.00000000000000000000000000000000e+000 
0.00000000000000000000000000000000e+000 4.13480742961680080000000000000000e-001 5.86519257038319860000000000000000e-001 0.00000000000000000000000000000000e+000 0.00000000000000000000000000000000e+000 
0.00000000000000000000000000000000e+000 0.00000000000000000000000000000000e+000 9.37499505906527310000000000000000e-001 6.25004940934726360000000000000000e-002 0.00000000000000000000000000000000e+000 
0.00000000000000000000000000000000e+000 0.00000000000000000000000000000000e+000 0.00000000000000000000000000000000e+000 8.76154030760060820000000000000000e-001 1.23845969239939150000000000000000e-001 
0.00000000000000000000000000000000e+000 0.00000000000000000000000000000000e+000 0.00000000000000000000000000000000e+000 0.00000000000000000000000000000000e+000 1.00000000000000000000000000000000e+000 

8.33337089878971480000000000000000e-001 1.66662910121028550000000000000000e-001 0.00000000000000000000000000000000e+000 0.00000000000000000000000000000000e+000 0.00000000000000000000000000000000e+000 
0.00000000000000000000000000000000e+000 7.50172117553880470000000000000000e-001 2.49827882446119500000000000000000e-001 0.00000000000000000000000000000000e+000 0.00000000000000000000000000000000e+000 
0.00000000000000000000000000000000e+000 0.00000000000000000000000000000000e+000 8.43558288046704960000000000000000e-001 1.56441711953294980000000000000000e-001 0.00000000000000000000000000000000e+000 
0.00000000000000000000000000000000e+000 0.00000000000000000000000000000000e+000 0.00000000000000000000000000000000e+000 9.15575670671118560000000000000000e-001 8.44243293288813870000000000000000e-002 
0.00000000000000000000000000000000e+000 0.00000000000000000000000000000000e+000 0.00000000000000000000000000000000e+000 0.00000000000000000000000000000000e+000 1.00000000000000000000000000000000e+000 

7.06223317485839110000000000000000e-001 2.93776682514160950000000000000000e-001 0.00000000000000000000000000000000e+000 0.00000000000000000000000000000000e+000 0.00000000000000000000000000000000e+000 
0.00000000000000000000000000000000e+000 8.68352697804770870000000000000000e-001 1.31647302195229190000000000000000e-001 0.00000000000000000000000000000000e+000 0.00000000000000000000000000000000e+000 
0.00000000000000000000000000000000e+000 0.00000000000000000000000000000000e+000 9.28571428571428600000000000000000e-001 7.14285714285714250000000000000000e-002 0.00000000000000000000000000000000e+000 
0.00000000000000000000000000000000e+000 0.00000000000000000000000000000000e+000 0.00000000000000000000000000000000e+000 7.50000000000000110000000000000000e-001 2.50000000000000000000000000000000e-001 
0.00000000000000000000000000000000e+000 0.00000000000000000000000000000000e+000 0.00000000000000000000000000000000e+000 0.00000000000000000000000000000000e+000 1.00000000000000000000000000000000e+000 

7.99999341951146080000000000000000e-001 2.00000658048854030000000000000000e-001 0.00000000000000000000000000000000e+000 0.00000000000000000000000000000000e+000 0.00000000000000000000000000000000e+000 
0.00000000000000000000000000000000e+000 9.23076302070847790000000000000000e-001 7.69236979291522270000000000000000e-002 0.00000000000000000000000000000000e+000 0.00000000000000000000000000000000e+000 
0.00000000000000000000000000000000e+000 0.00000000000000000000000000000000e+000 6.91973420375453060000000000000000e-001 3.08026579624546990000000000000000e-001 0.00000000000000000000000000000000e+000 
0.00000000000000000000000000000000e+000 0.00000000000000000000000000000000e+000 0.00000000000000000000000000000000e+000 8.76570565633159490000000000000000e-001 1.23429434366840510000000000000000e-001 
0.00000000000000000000000000000000e+000 0.00000000000000000000000000000000e+000 0.00000000000000000000000000000000e+000 0.00000000000000000000000000000000e+000 1.00000000000000000000000000000000e+000 

8.33333333333333370000000000000000e-001 1.66666666666666660000000000000000e-001 0.00000000000000000000000000000000e+000 0.00000000000000000000000000000000e+000 0.00000000000000000000000000000000e+000 
0.00000000000000000000000000000000e+000 6.66666666666666630000000000000000e-001 3.33333333333333310000000000000000e-001 0.00000000000000000000000000000000e+000 0.00000000000000000000000000000000e+000 
0.00000000000000000000000000000000e+000 0.00000000000000000000000000000000e+000 8.75000000000000000000000000000000e-001 1.25000000000000000000000000000000e-001 0.00000000000000000000000000000000e+000 
0.00000000000000000000000000000000e+000 0.00000000000000000000000000000000e+000 0.00000000000000000000000000000000e+000 7.93196241780624760000000000000000e-001 2.06803758219375240000000000000000e-001 
0.00000000000000000000000000000000e+000 0.00000000000000000000000000000000e+000 0.00000000000000000000000000000000e+000 0.00000000000000000000000000000000e+000 1.00000000000000000000000000000000e+000 

7.24341072350996870000000000000000e-001 2.75658927649003130000000000000000e-001 0.00000000000000000000000000000000e+000 0.00000000000000000000000000000000e+000 0.00000000000000000000000000000000e+000 
0.00000000000000000000000000000000e+000 9.03589633938709610000000000000000e-001 9.64103660612903310000000000000000e-002 0.00000000000000000000000000000000e+000 0.00000000000000000000000000000000e+000 
0.00000000000000000000000000000000e+000 0.00000000000000000000000000000000e+000 9.00000000005196310000000000000000e-001 9.99999999948036900000000000000000e-002 0.00000000000000000000000000000000e+000 
0.00000000000000000000000000000000e+000 0.00000000000000000000000000000000e+000 0.00000000000000000000000000000000e+000 9.47368421051979160000000000000000e-001 5.26315789480208410000000000000000e-002 
0.00000000000000000000000000000000e+000 0.00000000000000000000000000000000e+000 0.00000000000000000000000000000000e+000 0.00000000000000000000000000000000e+000 1.00000000000000000000000000000000e+000 

4.41801867539922900000000000000000e-001 5.58198132460077100000000000000000e-001 0.00000000000000000000000000000000e+000 0.00000000000000000000000000000000e+000 0.00000000000000000000000000000000e+000 
0.00000000000000000000000000000000e+000 8.91404933064214090000000000000000e-001 1.08595066935785860000000000000000e-001 0.00000000000000000000000000000000e+000 0.00000000000000000000000000000000e+000 
0.00000000000000000000000000000000e+000 0.00000000000000000000000000000000e+000 9.37495424993271990000000000000000e-001 6.25045750067279580000000000000000e-002 0.00000000000000000000000000000000e+000 
0.00000000000000000000000000000000e+000 0.00000000000000000000000000000000e+000 0.00000000000000000000000000000000e+000 6.98933396237247480000000000000000e-001 3.01066603762752570000000000000000e-001 
0.00000000000000000000000000000000e+000 0.00000000000000000000000000000000e+000 0.00000000000000000000000000000000e+000 0.00000000000000000000000000000000e+000 1.00000000000000000000000000000000e+000 

8.57141846301641590000000000000000e-001 1.42858153698358390000000000000000e-001 0.00000000000000000000000000000000e+000 0.00000000000000000000000000000000e+000 0.00000000000000000000000000000000e+000 
0.00000000000000000000000000000000e+000 7.50002359997229080000000000000000e-001 2.49997640002770890000000000000000e-001 0.00000000000000000000000000000000e+000 0.00000000000000000000000000000000e+000 
0.00000000000000000000000000000000e+000 0.00000000000000000000000000000000e+000 8.88924449663142440000000000000000e-001 1.11075550336857610000000000000000e-001 0.00000000000000000000000000000000e+000 
0.00000000000000000000000000000000e+000 0.00000000000000000000000000000000e+000 0.00000000000000000000000000000000e+000 8.74315393313119140000000000000000e-001 1.25684606686880890000000000000000e-001 
0.00000000000000000000000000000000e+000 0.00000000000000000000000000000000e+000 0.00000000000000000000000000000000e+000 0.00000000000000000000000000000000e+000 1.00000000000000000000000000000000e+000 

7.73978300955559860000000000000000e-001 2.26021699044440140000000000000000e-001 0.00000000000000000000000000000000e+000 0.00000000000000000000000000000000e+000 0.00000000000000000000000000000000e+000 
0.00000000000000000000000000000000e+000 8.67998056511688820000000000000000e-001 1.32001943488311210000000000000000e-001 0.00000000000000000000000000000000e+000 0.00000000000000000000000000000000e+000 
0.00000000000000000000000000000000e+000 0.00000000000000000000000000000000e+000 6.66666666666681280000000000000000e-001 3.33333333333318660000000000000000e-001 0.00000000000000000000000000000000e+000 
0.00000000000000000000000000000000e+000 0.00000000000000000000000000000000e+000 0.00000000000000000000000000000000e+000 9.33333333333333350000000000000000e-001 6.66666666666666660000000000000000e-002 
0.00000000000000000000000000000000e+000 0.00000000000000000000000000000000e+000 0.00000000000000000000000000000000e+000 0.00000000000000000000000000000000e+000 1.00000000000000000000000000000000e+000 

8.20501317252876340000000000000000e-001 1.79498682747123660000000000000000e-001 0.00000000000000000000000000000000e+000 0.00000000000000000000000000000000e+000 0.00000000000000000000000000000000e+000 
0.00000000000000000000000000000000e+000 7.74077469814241860000000000000000e-001 2.25922530185758200000000000000000e-001 0.00000000000000000000000000000000e+000 0.00000000000000000000000000000000e+000 
0.00000000000000000000000000000000e+000 0.00000000000000000000000000000000e+000 8.93742288130151890000000000000000e-001 1.06257711869848090000000000000000e-001 0.00000000000000000000000000000000e+000 
0.00000000000000000000000000000000e+000 0.00000000000000000000000000000000e+000 0.00000000000000000000000000000000e+000 9.05589629169129550000000000000000e-001 9.44103708308704770000000000000000e-002 
0.00000000000000000000000000000000e+000 0.00000000000000000000000000000000e+000 0.00000000000000000000000000000000e+000 0.00000000000000000000000000000000e+000 1.00000000000000000000000000000000e+000 

8.57142857142857100000000000000000e-001 1.42857142857142850000000000000000e-001 0.00000000000000000000000000000000e+000 0.00000000000000000000000000000000e+000 0.00000000000000000000000000000000e+000 
0.00000000000000000000000000000000e+000 8.00000000000000040000000000000000e-001 2.00000000000000010000000000000000e-001 0.00000000000000000000000000000000e+000 0.00000000000000000000000000000000e+000 
0.00000000000000000000000000000000e+000 0.00000000000000000000000000000000e+000 8.75000000000000000000000000000000e-001 1.25000000000000000000000000000000e-001 0.00000000000000000000000000000000e+000 
0.00000000000000000000000000000000e+000 0.00000000000000000000000000000000e+000 0.00000000000000000000000000000000e+000 2.14026271822261870000000000000000e-212 1.00000000000000000000000000000000e+000 
0.00000000000000000000000000000000e+000 0.00000000000000000000000000000000e+000 0.00000000000000000000000000000000e+000 0.00000000000000000000000000000000e+000 1.00000000000000000000000000000000e+000 

8.74530478027171880000000000000000e-001 1.25469521972828100000000000000000e-001 0.00000000000000000000000000000000e+000 0.00000000000000000000000000000000e+000 0.00000000000000000000000000000000e+000 
0.00000000000000000000000000000000e+000 4.47744891313940520000000000000000e-001 5.52255108686059430000000000000000e-001 0.00000000000000000000000000000000e+000 0.00000000000000000000000000000000e+000 
0.00000000000000000000000000000000e+000 0.00000000000000000000000000000000e+000 9.02498224495042800000000000000000e-001 9.75017755049571720000000000000000e-002 0.00000000000000000000000000000000e+000 
0.00000000000000000000000000000000e+000 0.00000000000000000000000000000000e+000 0.00000000000000000000000000000000e+000 9.06290158771102190000000000000000e-001 9.37098412288977640000000000000000e-002 
0.00000000000000000000000000000000e+000 0.00000000000000000000000000000000e+000 0.00000000000000000000000000000000e+000 0.00000000000000000000000000000000e+000 1.00000000000000000000000000000000e+000 

5.00827374295716220000000000000000e-001 4.99172625704283890000000000000000e-001 0.00000000000000000000000000000000e+000 0.00000000000000000000000000000000e+000 0.00000000000000000000000000000000e+000 
0.00000000000000000000000000000000e+000 8.57075242483033790000000000000000e-001 1.42924757516966210000000000000000e-001 0.00000000000000000000000000000000e+000 0.00000000000000000000000000000000e+000 
0.00000000000000000000000000000000e+000 0.00000000000000000000000000000000e+000 9.16672449304997810000000000000000e-001 8.33275506950021530000000000000000e-002 0.00000000000000000000000000000000e+000 
0.00000000000000000000000000000000e+000 0.00000000000000000000000000000000e+000 0.00000000000000000000000000000000e+000 9.32355237274858140000000000000000e-001 6.76447627251419020000000000000000e-002 
0.00000000000000000000000000000000e+000 0.00000000000000000000000000000000e+000 0.00000000000000000000000000000000e+000 0.00000000000000000000000000000000e+000 1.00000000000000000000000000000000e+000 

8.00000000000000040000000000000000e-001 2.00000000000000010000000000000000e-001 0.00000000000000000000000000000000e+000 0.00000000000000000000000000000000e+000 0.00000000000000000000000000000000e+000 
0.00000000000000000000000000000000e+000 9.28571428571428600000000000000000e-001 7.14285714285714250000000000000000e-002 0.00000000000000000000000000000000e+000 0.00000000000000000000000000000000e+000 
0.00000000000000000000000000000000e+000 0.00000000000000000000000000000000e+000 6.66666666666666630000000000000000e-001 3.33333333333333310000000000000000e-001 0.00000000000000000000000000000000e+000 
0.00000000000000000000000000000000e+000 0.00000000000000000000000000000000e+000 0.00000000000000000000000000000000e+000 9.45839856530178660000000000000000e-001 5.41601434698212730000000000000000e-002 
0.00000000000000000000000000000000e+000 0.00000000000000000000000000000000e+000 0.00000000000000000000000000000000e+000 0.00000000000000000000000000000000e+000 1.00000000000000000000000000000000e+000 

