9.00000000000000020000000000000000e-001 1.00000000000000010000000000000000e-001 0.00000000000000000000000000000000e+000 0.00000000000000000000000000000000e+000 0.00000000000000000000000000000000e+000 
0.00000000000000000000000000000000e+000 6.66666666666666630000000000000000e-001 3.33333333333333310000000000000000e-001 0.00000000000000000000000000000000e+000 0.00000000000000000000000000000000e+000 
0.00000000000000000000000000000000e+000 0.00000000000000000000000000000000e+000 9.44444444444444420000000000000000e-001 5.55555555555555520000000000000000e-002 0.00000000000000000000000000000000e+000 
0.00000000000000000000000000000000e+000 0.00000000000000000000000000000000e+000 0.00000000000000000000000000000000e+000 9.44354975971528840000000000000000e-001 5.56450240284711850000000000000000e-002 
0.00000000000000000000000000000000e+000 0.00000000000000000000000000000000e+000 0.00000000000000000000000000000000e+000 0.00000000000000000000000000000000e+000 1.00000000000000000000000000000000e+000 

8.99188820089868220000000000000000e-001 1.00811179910131720000000000000000e-001 0.00000000000000000000000000000000e+000 0.00000000000000000000000000000000e+000 0.00000000000000000000000000000000e+000 
0.00000000000000000000000000000000e+000 3.20471290307090870000000000000000e-001 6.79528709692909130000000000000000e-001 0.00000000000000000000000000000000e+000 0.00000000000000000000000000000000e+000 
0.00000000000000000000000000000000e+000 0.00000000000000000000000000000000e+000 7.65994109915696830000000000000000e-001 2.34005890084303200000000000000000e-001 0.00000000000000000000000000000000e+000 
0.00000000000000000000000000000000e+000 0.00000000000000000000000000000000e+000 0.00000000000000000000000000000000e+000 9.60014363221886490000000000000000e-001 3.99856367781135230000000000000000e-002 
0.00000000000000000000000000000000e+000 0.00000000000000000000000000000000e+000 0.00000000000000000000000000000000e+000 0.00000000000000000000000000000000e+000 1.00000000000000000000000000000000e+000 

8.57142857142857100000000000000000e-001 1.42857142857142850000000000000000e-001 0.00000000000000000000000000000000e+000 0.00000000000000000000000000000000e+000 0.00000000000000000000000000000000e+000 
0.00000000000000000000000000000000e+000 7.50000000000000000000000000000000e-001 2.49999999999999970000000000000000e-001 0.00000000000000000000000000000000e+000 0.00000000000000000000000000000000e+000 
0.00000000000000000000000000000000e+000 0.00000000000000000000000000000000e+000 9.47368421052631530000000000000000e-001 5.26315789473684180000000000000000e-002 0.00000000000000000000000000000000e+000 
0.00000000000000000000000000000000e+000 0.00000000000000000000000000000000e+000 0.00000000000000000000000000000000e+000 9.40650457939728790000000000000000e-001 5.93495420602712650000000000000000e-002 
0.00000000000000000000000000000000e+000 0.00000000000000000000000000000000e+000 0.00000000000000000000000000000000e+000 0.00000000000000000000000000000000e+000 1.00000000000000000000000000000000e+000 

8.99999999999963610000000000000000e-001 1.00000000000036370000000000000000e-001 0.00000000000000000000000000000000e+000 0.00000000000000000000000000000000e+000 0.00000000000000000000000000000000e+000 
0.00000000000000000000000000000000e+000 5.00000707339666950000000000000000e-001 4.99999292660333050000000000000000e-001 0.00000000000000000000000000000000e+000 0.00000000000000000000000000000000e+000 
0.00000000000000000000000000000000e+000 0.00000000000000000000000000000000e+000 9.66666663522933960000000000000000e-001 3.33333364770660100000000000000000e-002 0.00000000000000000000000000000000e+000 
0.00000000000000000000000000000000e+000 0.00000000000000000000000000000000e+000 0.00000000000000000000000000000000e+000 9.22893145422124640000000000000000e-001 7.71068545778753330000000000000000e-002 
0.00000000000000000000000000000000e+000 0.00000000000000000000000000000000e+000 0.00000000000000000000000000000000e+000 0.00000000000000000000000000000000e+000 1.00000000000000000000000000000000e+000 

7.90787835496523650000000000000000e-001 2.09212164503476290000000000000000e-001 0.00000000000000000000000000000000e+000 0.00000000000000000000000000000000e+000 0.00000000000000000000000000000000e+000 
0.00000000000000000000000000000000e+000 8.08436931768263150000000000000000e-001 1.91563068231736910000000000000000e-001 0.00000000000000000000000000000000e+000 0.00000000000000000000000000000000e+000 
0.00000000000000000000000000000000e+000 0.00000000000000000000000000000000e+000 9.61633739556128300000000000000000e-001 3.83662604438716820000000000000000e-002 0.00000000000000000000000000000000e+000 
0.00000000000000000000000000000000e+000 0.00000000000000000000000000000000e+000 0.00000000000000000000000000000000e+000 9.47188813587136360000000000000000e-001 5.28111864128635940000000000000000e-002 
0.00000000000000000000000000000000e+000 0.00000000000000000000000000000000e+000 0.00000000000000000000000000000000e+000 0.00000000000000000000000000000000e+000 1.00000000000000000000000000000000e+000 

8.57143614934022250000000000000000e-001 1.42856385065977730000000000000000e-001 0.00000000000000000000000000000000e+000 0.00000000000000000000000000000000e+000 0.00000000000000000000000000000000e+000 
0.00000000000000000000000000000000e+000 6.66389033906530260000000000000000e-001 3.33610966093469740000000000000000e-001 0.00000000000000000000000000000000e+000 0.00000000000000000000000000000000e+000 
0.00000000000000000000000000000000e+000 0.00000000000000000000000000000000e+000 5.57259631338980820000000000000000e-001 4.42740368661019290000000000000000e-001 0.00000000000000000000000000000000e+000 
0.00000000000000000000000000000000e+000 0.00000000000000000000000000000000e+000 0.00000000000000000000000000000000e+000 9.72024046904825020000000000000000e-001 2.79759530951749770000000000000000e-002 
0.00000000000000000000000000000000e+000 0.00000000000000000000000000000000e+000 0.00000000000000000000000000000000e+000 0.00000000000000000000000000000000e+000 1.00000000000000000000000000000000e+000 

0.00000000000000000000000000000000e+000 1.00000000000000000000000000000000e+000 0.00000000000000000000000000000000e+000 0.00000000000000000000000000000000e+000 0.00000000000000000000000000000000e+000 
0.00000000000000000000000000000000e+000 9.09090909090909060000000000000000e-001 9.09090909090908980000000000000000e-002 0.00000000000000000000000000000000e+000 0.00000000000000000000000000000000e+000 
0.00000000000000000000000000000000e+000 0.00000000000000000000000000000000e+000 9.56521739130434810000000000000000e-001 4.34782608695652230000000000000000e-002 0.00000000000000000000000000000000e+000 
0.00000000000000000000000000000000e+000 0.00000000000000000000000000000000e+000 0.00000000000000000000000000000000e+000 9.44444444444444420000000000000000e-001 5.55555555555555520000000000000000e-002 
0.00000000000000000000000000000000e+000 0.00000000000000000000000000000000e+000 0.00000000000000000000000000000000e+000 0.00000000000000000000000000000000e+000 1.00000000000000000000000000000000e+000 

9.00000000000000020000000000000000e-001 1.00000000000000010000000000000000e-001 0.00000000000000000000000000000000e+000 0.00000000000000000000000000000000e+000 0.00000000000000000000000000000000e+000 
0.00000000000000000000000000000000e+000 6.95342288031970070000000000000000e-001 3.04657711968029930000000000000000e-001 0.00000000000000000000000000000000e+000 0.00000000000000000000000000000000e+000 
0.00000000000000000000000000000000e+000 0.00000000000000000000000000000000e+000 9.53954455405428450000000000000000e-001 4.60455445945715660000000000000000e-002 0.00000000000000000000000000000000e+000 
0.00000000000000000000000000000000e+000 0.00000000000000000000000000000000e+000 0.00000000000000000000000000000000e+000 9.52380952380952330000000000000000e-001 4.76190476190476160000000000000000e-002 
0.00000000000000000000000000000000e+000 0.00000000000000000000000000000000e+000 0.00000000000000000000000000000000e+000 0.00000000000000000000000000000000e+000 1.00000000000000000000000000000000e+000 

8.88809995991803880000000000000000e-001 1.11190004008196160000000000000000e-001 0.00000000000000000000000000000000e+000 0.00000000000000000000000000000000e+000 0.00000000000000000000000000000000e+000 
0.00000000000000000000000000000000e+000 3.10688990424364170000000000000000e-007 9.99999689311009580000000000000000e-001 0.00000000000000000000000000000000e+000 0.00000000000000000000000000000000e+000 
0.00000000000000000000000000000000e+000 0.00000000000000000000000000000000e+000 9.31204963501157330000000000000000e-001 6.87950364988426650000000000000000e-002 0.00000000000000000000000000000000e+000 
0.00000000000000000000000000000000e+000 0.00000000000000000000000000000000e+000 0.00000000000000000000000000000000e+000 9.63505992464760540000000000000000e-001 3.64940075352394730000000000000000e-002 
0.00000000000000000000000000000000e+000 0.00000000000000000000000000000000e+000 0.00000000000000000000000000000000e+000 0.00000000000000000000000000000000e+000 1.00000000000000000000000000000000e+000 

8.52883108073457800000000000000000e-001 1.47116891926542180000000000000000e-001 0.00000000000000000000000000000000e+000 0.00000000000000000000000000000000e+000 0.00000000000000000000000000000000e+000 
0.00000000000000000000000000000000e+000 6.41165239635816290000000000000000e-001 3.58834760364183820000000000000000e-001 0.00000000000000000000000000000000e+000 0.00000000000000000000000000000000e+000 
0.00000000000000000000000000000000e+000 0.00000000000000000000000000000000e+000 3.87123969078018220000000000000000e-001 6.12876030921981840000000000000000e-001 0.00000000000000000000000000000000e+000 
0.00000000000000000000000000000000e+000 0.00000000000000000000000000000000e+000 0.00000000000000000000000000000000e+000 9.76044821304113850000000000000000e-001 2.39551786958861410000000000000000e-002 
0.00000000000000000000000000000000e+000 0.00000000000000000000000000000000e+000 0.00000000000000000000000000000000e+000 0.00000000000000000000000000000000e+000 1.00000000000000000000000000000000e+000 

8.88767105684593720000000000000000e-001 1.11232894315406230000000000000000e-001 0.00000000000000000000000000000000e+000 0.00000000000000000000000000000000e+000 0.00000000000000000000000000000000e+000 
0.00000000000000000000000000000000e+000 5.74711071769325230000000000000000e-001 4.25288928230674820000000000000000e-001 0.00000000000000000000000000000000e+000 0.00000000000000000000000000000000e+000 
0.00000000000000000000000000000000e+000 0.00000000000000000000000000000000e+000 9.57864103703895300000000000000000e-001 4.21358962961046610000000000000000e-002 0.00000000000000000000000000000000e+000 
0.00000000000000000000000000000000e+000 0.00000000000000000000000000000000e+000 0.00000000000000000000000000000000e+000 9.56320676606545960000000000000000e-001 4.36793233934539980000000000000000e-002 
0.00000000000000000000000000000000e+000 0.00000000000000000000000000000000e+000 0.00000000000000000000000000000000e+000 0.00000000000000000000000000000000e+000 1.00000000000000000000000000000000e+000 

8.74999995320968390000000000000000e-001 1.25000004679031610000000000000000e-001 0.00000000000000000000000000000000e+000 0.00000000000000000000000000000000e+000 0.00000000000000000000000000000000e+000 
0.00000000000000000000000000000000e+000 6.66666699964305390000000000000000e-001 3.33333300035694610000000000000000e-001 0.00000000000000000000000000000000e+000 0.00000000000000000000000000000000e+000 
0.00000000000000000000000000000000e+000 0.00000000000000000000000000000000e+000 9.62962962962659600000000000000000e-001 3.70370370373403550000000000000000e-002 0.00000000000000000000000000000000e+000 
0.00000000000000000000000000000000e+000 0.00000000000000000000000000000000e+000 0.00000000000000000000000000000000e+000 9.44227105251627010000000000000000e-001 5.57728947483730340000000000000000e-002 
0.00000000000000000000000000000000e+000 0.00000000000000000000000000000000e+000 0.00000000000000000000000000000000e+000 0.00000000000000000000000000000000e+000 1.00000000000000000000000000000000e+000 

8.88868711645755210000000000000000e-001 1.11131288354244750000000000000000e-001 0.00000000000000000000000000000000e+000 0.00000000000000000000000000000000e+000 0.00000000000000000000000000000000e+000 
0.00000000000000000000000000000000e+000 5.00408035956618980000000000000000e-001 4.99591964043381020000000000000000e-001 0.00000000000000000000000000000000e+000 0.00000000000000000000000000000000e+000 
0.00000000000000000000000000000000e+000 0.00000000000000000000000000000000e+000 9.57586234038714900000000000000000e-001 4.24137659612851410000000000000000e-002 0.00000000000000000000000000000000e+000 
0.00000000000000000000000000000000e+000 0.00000000000000000000000000000000e+000 0.00000000000000000000000000000000e+000 9.50876472461625540000000000000000e-001 4.91235275383745120000000000000000e-002 
0.00000000000000000000000000000000e+000 0.00000000000000000000000000000000e+000 0.00000000000000000000000000000000e+000 0.00000000000000000000000000000000e+000 1.00000000000000000000000000000000e+000 

8.99999999845639500000000000000000e-001 1.00000000154360450000000000000000e-001 0.00000000000000000000000000000000e+000 0.00000000000000000000000000000000e+000 0.00000000000000000000000000000000e+000 
0.00000000000000000000000000000000e+000 6.66666212339868220000000000000000e-001 3.33333787660131830000000000000000e-001 0.00000000000000000000000000000000e+000 0.00000000000000000000000000000000e+000 
0.00000000000000000000000000000000e+000 0.00000000000000000000000000000000e+000 9.50000016164376240000000000000000e-001 4.99999838356238040000000000000000e-002 0.00000000000000000000000000000000e+000 
0.00000000000000000000000000000000e+000 0.00000000000000000000000000000000e+000 0.00000000000000000000000000000000e+000 9.59755865980051800000000000000000e-001 4.02441340199482110000000000000000e-002 
0.00000000000000000000000000000000e+000 0.00000000000000000000000000000000e+000 0.00000000000000000000000000000000e+000 0.00000000000000000000000000000000e+000 1.00000000000000000000000000000000e+000 

8.97520542501886290000000000000000e-001 1.02479457498113670000000000000000e-001 0.00000000000000000000000000000000e+000 0.00000000000000000000000000000000e+000 0.00000000000000000000000000000000e+000 
0.00000000000000000000000000000000e+000 6.91543363544105730000000000000000e-001 3.08456636455894270000000000000000e-001 0.00000000000000000000000000000000e+000 0.00000000000000000000000000000000e+000 
0.00000000000000000000000000000000e+000 0.00000000000000000000000000000000e+000 9.49999999999999960000000000000000e-001 5.00000000000000030000000000000000e-002 0.00000000000000000000000000000000e+000 
0.00000000000000000000000000000000e+000 0.00000000000000000000000000000000e+000 0.00000000000000000000000000000000e+000 9.56521739133861850000000000000000e-001 4.34782608661381380000000000000000e-002 
0.00000000000000000000000000000000e+000 0.00000000000000000000000000000000e+000 0.00000000000000000000000000000000e+000 0.00000000000000000000000000000000e+000 1.00000000000000000000000000000000e+000 

7.94987517213786240000000000000000e-001 2.05012482786213870000000000000000e-001 0.00000000000000000000000000000000e+000 0.00000000000000000000000000000000e+000 0.00000000000000000000000000000000e+000 
0.00000000000000000000000000000000e+000 8.36661290072136630000000000000000e-001 1.63338709927863480000000000000000e-001 0.00000000000000000000000000000000e+000 0.00000000000000000000000000000000e+000 
0.00000000000000000000000000000000e+000 0.00000000000000000000000000000000e+000 9.54645481161646600000000000000000e-001 4.53545188383533690000000000000000e-002 0.00000000000000000000000000000000e+000 
0.00000000000000000000000000000000e+000 0.00000000000000000000000000000000e+000 0.00000000000000000000000000000000e+000 9.50776288693423900000000000000000e-001 4.92237113065761570000000000000000e-002 
0.00000000000000000000000000000000e+000 0.00000000000000000000000000000000e+000 0.00000000000000000000000000000000e+000 0.00000000000000000000000000000000e+000 1.00000000000000000000000000000000e+000 

9.00000000000000020000000000000000e-001 1.00000000000000010000000000000000e-001 0.00000000000000000000000000000000e+000 0.00000000000000000000000000000000e+000 0.00000000000000000000000000000000e+000 
0.00000000000000000000000000000000e+000 5.00000000000000000000000000000000e-001 5.00000000000000000000000000000000e-001 0.00000000000000000000000000000000e+000 0.00000000000000000000000000000000e+000 
0.00000000000000000000000000000000e+000 0.00000000000000000000000000000000e+000 9.52380952380952330000000000000000e-001 4.76190476190476160000000000000000e-002 0.00000000000000000000000000000000e+000 
0.00000000000000000000000000000000e+000 0.00000000000000000000000000000000e+000 0.00000000000000000000000000000000e+000 9.58333333333333370000000000000000e-001 4.16666666666666640000000000000000e-002 
0.00000000000000000000000000000000e+000 0.00000000000000000000000000000000e+000 0.00000000000000000000000000000000e+000 0.00000000000000000000000000000000e+000 1.00000000000000000000000000000000e+000 

8.75000000000000000000000000000000e-001 1.25000000000000000000000000000000e-001 0.00000000000000000000000000000000e+000 0.00000000000000000000000000000000e+000 0.00000000000000000000000000000000e+000 
0.00000000000000000000000000000000e+000 4.47238000917993980000000000000000e-001 5.52761999082005960000000000000000e-001 0.00000000000000000000000000000000e+000 0.00000000000000000000000000000000e+000 
0.00000000000000000000000000000000e+000 0.00000000000000000000000000000000e+000 9.58662146905097770000000000000000e-001 4.13378530949022810000000000000000e-002 0.00000000000000000000000000000000e+000 
0.00000000000000000000000000000000e+000 0.00000000000000000000000000000000e+000 0.00000000000000000000000000000000e+000 9.52380952380952330000000000000000e-001 4.76190476190476160000000000000000e-002 
0.00000000000000000000000000000000e+000 0.00000000000000000000000000000000e+000 0.00000000000000000000000000000000e+000 0.00000000000000000000000000000000e+000 1.00000000000000000000000000000000e+000 

6.38592826546407030000000000000000e-001 3.61407173453592910000000000000000e-001 0.00000000000000000000000000000000e+000 0.00000000000000000000000000000000e+000 0.00000000000000000000000000000000e+000 
0.00000000000000000000000000000000e+000 8.78538149780470400000000000000000e-001 1.21461850219529610000000000000000e-001 0.00000000000000000000000000000000e+000 0.00000000000000000000000000000000e+000 
0.00000000000000000000000000000000e+000 0.00000000000000000000000000000000e+000 9.46764911480756810000000000000000e-001 5.32350885192431410000000000000000e-002 0.00000000000000000000000000000000e+000 
0.00000000000000000000000000000000e+000 0.00000000000000000000000000000000e+000 0.00000000000000000000000000000000e+000 9.54878447208680540000000000000000e-001 4.51215527913194150000000000000000e-002 
0.00000000000000000000000000000000e+000 0.00000000000000000000000000000000e+000 0.00000000000000000000000000000000e+000 0.00000000000000000000000000000000e+000 1.00000000000000000000000000000000e+000 

8.88888888888888840000000000000000e-001 1.11111111111111100000000000000000e-001 0.00000000000000000000000000000000e+000 0.00000000000000000000000000000000e+000 0.00000000000000000000000000000000e+000 
0.00000000000000000000000000000000e+000 5.00000000000000110000000000000000e-001 5.00000000000000000000000000000000e-001 0.00000000000000000000000000000000e+000 0.00000000000000000000000000000000e+000 
0.00000000000000000000000000000000e+000 0.00000000000000000000000000000000e+000 9.58333333333333370000000000000000e-001 4.16666666666666640000000000000000e-002 0.00000000000000000000000000000000e+000 
0.00000000000000000000000000000000e+000 0.00000000000000000000000000000000e+000 0.00000000000000000000000000000000e+000 9.33333333333333350000000000000000e-001 6.66666666666666660000000000000000e-002 
0.00000000000000000000000000000000e+000 0.00000000000000000000000000000000e+000 0.00000000000000000000000000000000e+000 0.00000000000000000000000000000000e+000 1.00000000000000000000000000000000e+000 

8.74999999999980130000000000000000e-001 1.25000000000019850000000000000000e-001 0.00000000000000000000000000000000e+000 0.00000000000000000000000000000000e+000 0.00000000000000000000000000000000e+000 
0.00000000000000000000000000000000e+000 5.00000000000320740000000000000000e-001 4.99999999999679260000000000000000e-001 0.00000000000000000000000000000000e+000 0.00000000000000000000000000000000e+000 
0.00000000000000000000000000000000e+000 0.00000000000000000000000000000000e+000 9.52380952380952330000000000000000e-001 4.76190476190476510000000000000000e-002 0.00000000000000000000000000000000e+000 
0.00000000000000000000000000000000e+000 0.00000000000000000000000000000000e+000 0.00000000000000000000000000000000e+000 9.47368421053210730000000000000000e-001 5.26315789467893190000000000000000e-002 
0.00000000000000000000000000000000e+000 0.00000000000000000000000000000000e+000 0.00000000000000000000000000000000e+000 0.00000000000000000000000000000000e+000 1.00000000000000000000000000000000e+000 

8.80942268907874750000000000000000e-001 1.19057731092125200000000000000000e-001 0.00000000000000000000000000000000e+000 0.00000000000000000000000000000000e+000 0.00000000000000000000000000000000e+000 
0.00000000000000000000000000000000e+000 7.22277261217940450000000000000000e-001 2.77722738782059550000000000000000e-001 0.00000000000000000000000000000000e+000 0.00000000000000000000000000000000e+000 
0.00000000000000000000000000000000e+000 0.00000000000000000000000000000000e+000 9.56521739127472290000000000000000e-001 4.34782608725276800000000000000000e-002 0.00000000000000000000000000000000e+000 
0.00000000000000000000000000000000e+000 0.00000000000000000000000000000000e+000 0.00000000000000000000000000000000e+000 9.43670641524579360000000000000000e-001 5.63293584754206850000000000000000e-002 
0.00000000000000000000000000000000e+000 0.00000000000000000000000000000000e+000 0.00000000000000000000000000000000e+000 0.00000000000000000000000000000000e+000 1.00000000000000000000000000000000e+000 

8.75000000000055960000000000000000e-001 1.24999999999944040000000000000000e-001 0.00000000000000000000000000000000e+000 0.00000000000000000000000000000000e+000 0.00000000000000000000000000000000e+000 
0.00000000000000000000000000000000e+000 7.49999999999776180000000000000000e-001 2.50000000000223820000000000000000e-001 0.00000000000000000000000000000000e+000 0.00000000000000000000000000000000e+000 
0.00000000000000000000000000000000e+000 0.00000000000000000000000000000000e+000 9.50278300277369810000000000000000e-001 4.97216997226301370000000000000000e-002 0.00000000000000000000000000000000e+000 
0.00000000000000000000000000000000e+000 0.00000000000000000000000000000000e+000 0.00000000000000000000000000000000e+000 9.44096778623395690000000000000000e-001 5.59032213766042720000000000000000e-002 
0.00000000000000000000000000000000e+000 0.00000000000000000000000000000000e+000 0.00000000000000000000000000000000e+000 0.00000000000000000000000000000000e+000 1.00000000000000000000000000000000e+000 

8.88888753284408970000000000000000e-001 1.11111246715591080000000000000000e-001 0.00000000000000000000000000000000e+000 0.00000000000000000000000000000000e+000 0.00000000000000000000000000000000e+000 
0.00000000000000000000000000000000e+000 4.93283953999392680000000000000000e-001 5.06716046000607380000000000000000e-001 0.00000000000000000000000000000000e+000 0.00000000000000000000000000000000e+000 
0.00000000000000000000000000000000e+000 0.00000000000000000000000000000000e+000 9.57084470722886940000000000000000e-001 4.29155292771130350000000000000000e-002 0.00000000000000000000000000000000e+000 
0.00000000000000000000000000000000e+000 0.00000000000000000000000000000000e+000 0.00000000000000000000000000000000e+000 9.47766092651929680000000000000000e-001 5.22339073480703120000000000000000e-002 
0.00000000000000000000000000000000e+000 0.00000000000000000000000000000000e+000 0.00000000000000000000000000000000e+000 0.00000000000000000000000000000000e+000 1.00000000000000000000000000000000e+000 

9.00000000000000020000000000000000e-001 1.00000000000000010000000000000000e-001 0.00000000000000000000000000000000e+000 0.00000000000000000000000000000000e+000 0.00000000000000000000000000000000e+000 
0.00000000000000000000000000000000e+000 3.74144958323981090000000000000000e-091 1.00000000000000000000000000000000e+000 0.00000000000000000000000000000000e+000 0.00000000000000000000000000000000e+000 
0.00000000000000000000000000000000e+000 0.00000000000000000000000000000000e+000 9.47369307448150950000000000000000e-001 5.26306925518490040000000000000000e-002 0.00000000000000000000000000000000e+000 
0.00000000000000000000000000000000e+000 0.00000000000000000000000000000000e+000 0.00000000000000000000000000000000e+000 9.41209772244339990000000000000000e-001 5.87902277556600140000000000000000e-002 
0.00000000000000000000000000000000e+000 0.00000000000000000000000000000000e+000 0.00000000000000000000000000000000e+000 0.00000000000000000000000000000000e+000 1.00000000000000000000000000000000e+000 

6.66666666666666740000000000000000e-001 3.33333333333333260000000000000000e-001 0.00000000000000000000000000000000e+000 0.00000000000000000000000000000000e+000 0.00000000000000000000000000000000e+000 
0.00000000000000000000000000000000e+000 8.33333333333333370000000000000000e-001 1.66666666666666660000000000000000e-001 0.00000000000000000000000000000000e+000 0.00000000000000000000000000000000e+000 
0.00000000000000000000000000000000e+000 0.00000000000000000000000000000000e+000 9.67741935483871000000000000000000e-001 3.22580645161290310000000000000000e-002 0.00000000000000000000000000000000e+000 
0.00000000000000000000000000000000e+000 0.00000000000000000000000000000000e+000 0.00000000000000000000000000000000e+000 9.09090909090909060000000000000000e-001 9.09090909090909120000000000000000e-002 
0.00000000000000000000000000000000e+000 0.00000000000000000000000000000000e+000 0.00000000000000000000000000000000e+000 0.00000000000000000000000000000000e+000 1.00000000000000000000000000000000e+000 

8.74999999894055970000000000000000e-001 1.25000000105944030000000000000000e-001 0.00000000000000000000000000000000e+000 0.00000000000000000000000000000000e+000 0.00000000000000000000000000000000e+000 
0.00000000000000000000000000000000e+000 5.00000747405043850000000000000000e-001 4.99999252594956260000000000000000e-001 0.00000000000000000000000000000000e+000 0.00000000000000000000000000000000e+000 
0.00000000000000000000000000000000e+000 0.00000000000000000000000000000000e+000 9.59535891331256500000000000000000e-001 4.04641086687435310000000000000000e-002 0.00000000000000000000000000000000e+000 
0.00000000000000000000000000000000e+000 0.00000000000000000000000000000000e+000 0.00000000000000000000000000000000e+000 9.34583783610042570000000000000000e-001 6.54162163899574270000000000000000e-002 
0.00000000000000000000000000000000e+000 0.00000000000000000000000000000000e+000 0.00000000000000000000000000000000e+000 0.00000000000000000000000000000000e+000 1.00000000000000000000000000000000e+000 

7.66484070010622020000000000000000e-001 2.33515929989377980000000000000000e-001 0.00000000000000000000000000000000e+000 0.00000000000000000000000000000000e+000 0.00000000000000000000000000000000e+000 
0.00000000000000000000000000000000e+000 8.25101854907287490000000000000000e-001 1.74898145092712430000000000000000e-001 0.00000000000000000000000000000000e+000 0.00000000000000000000000000000000e+000 
0.00000000000000000000000000000000e+000 0.00000000000000000000000000000000e+000 9.49744324406380460000000000000000e-001 5.02556755936195350000000000000000e-002 0.00000000000000000000000000000000e+000 
0.00000000000000000000000000000000e+000 0.00000000000000000000000000000000e+000 0.00000000000000000000000000000000e+000 9.42907806138669540000000000000000e-001 5.70921938613305130000000000000000e-002 
0.00000000000000000000000000000000e+000 0.00000000000000000000000000000000e+000 0.00000000000000000000000000000000e+000 0.00000000000000000000000000000000e+000 1.00000000000000000000000000000000e+000 

8.75000000000000000000000000000000e-001 1.25000000000000000000000000000000e-001 0.00000000000000000000000000000000e+000 0.00000000000000000000000000000000e+000 0.00000000000000000000000000000000e+000 
0.00000000000000000000000000000000e+000 6.16217286793326100000000000000000e-001 3.83782713206673900000000000000000e-001 0.00000000000000000000000000000000e+000 0.00000000000000000000000000000000e+000 
0.00000000000000000000000000000000e+000 0.00000000000000000000000000000000e+000 9.42510097349670510000000000000000e-001 5.74899026503295360000000000000000e-002 0.00000000000000000000000000000000e+000 
0.00000000000000000000000000000000e+000 0.00000000000000000000000000000000e+000 0.00000000000000000000000000000000e+000 8.72860430478173520000000000000000e-001 1.27139569521826510000000000000000e-001 
0.00000000000000000000000000000000e+000 0.00000000000000000000000000000000e+000 0.00000000000000000000000000000000e+000 0.00000000000000000000000000000000e+000 1.00000000000000000000000000000000e+000 

8.88832123165830490000000000000000e-001 1.11167876834169430000000000000000e-001 0.00000000000000000000000000000000e+000 0.00000000000000000000000000000000e+000 0.00000000000000000000000000000000e+000 
0.00000000000000000000000000000000e+000 5.01146284933408070000000000000000e-001 4.98853715066591930000000000000000e-001 0.00000000000000000000000000000000e+000 0.00000000000000000000000000000000e+000 
0.00000000000000000000000000000000e+000 0.00000000000000000000000000000000e+000 9.46482713067583250000000000000000e-001 5.35172869324167110000000000000000e-002 0.00000000000000000000000000000000e+000 
0.00000000000000000000000000000000e+000 0.00000000000000000000000000000000e+000 0.00000000000000000000000000000000e+000 9.35605370192512110000000000000000e-001 6.43946298074878770000000000000000e-002 
0.00000000000000000000000000000000e+000 0.00000000000000000000000000000000e+000 0.00000000000000000000000000000000e+000 0.00000000000000000000000000000000e+000 1.00000000000000000000000000000000e+000 

