8.55330899303076490000000000000000e-001 1.44669100696923600000000000000000e-001 0.00000000000000000000000000000000e+000 0.00000000000000000000000000000000e+000 0.00000000000000000000000000000000e+000 
0.00000000000000000000000000000000e+000 8.78210510368443660000000000000000e-001 1.21789489631556360000000000000000e-001 0.00000000000000000000000000000000e+000 0.00000000000000000000000000000000e+000 
0.00000000000000000000000000000000e+000 0.00000000000000000000000000000000e+000 6.02330922884206310000000000000000e-001 3.97669077115793630000000000000000e-001 0.00000000000000000000000000000000e+000 
0.00000000000000000000000000000000e+000 0.00000000000000000000000000000000e+000 0.00000000000000000000000000000000e+000 9.70898183124601080000000000000000e-001 2.91018168753988670000000000000000e-002 
0.00000000000000000000000000000000e+000 0.00000000000000000000000000000000e+000 0.00000000000000000000000000000000e+000 0.00000000000000000000000000000000e+000 1.00000000000000000000000000000000e+000 

7.88407208900736340000000000000000e-001 2.11592791099263630000000000000000e-001 0.00000000000000000000000000000000e+000 0.00000000000000000000000000000000e+000 0.00000000000000000000000000000000e+000 
0.00000000000000000000000000000000e+000 8.40610552614481370000000000000000e-001 1.59389447385518630000000000000000e-001 0.00000000000000000000000000000000e+000 0.00000000000000000000000000000000e+000 
0.00000000000000000000000000000000e+000 0.00000000000000000000000000000000e+000 7.40059010799338110000000000000000e-001 2.59940989200661830000000000000000e-001 0.00000000000000000000000000000000e+000 
0.00000000000000000000000000000000e+000 0.00000000000000000000000000000000e+000 0.00000000000000000000000000000000e+000 9.73789722766542410000000000000000e-001 2.62102772334576150000000000000000e-002 
0.00000000000000000000000000000000e+000 0.00000000000000000000000000000000e+000 0.00000000000000000000000000000000e+000 0.00000000000000000000000000000000e+000 1.00000000000000000000000000000000e+000 

9.05805522493060010000000000000000e-001 9.41944775069400160000000000000000e-002 0.00000000000000000000000000000000e+000 0.00000000000000000000000000000000e+000 0.00000000000000000000000000000000e+000 
0.00000000000000000000000000000000e+000 8.73456585321424010000000000000000e-001 1.26543414678576100000000000000000e-001 0.00000000000000000000000000000000e+000 0.00000000000000000000000000000000e+000 
0.00000000000000000000000000000000e+000 0.00000000000000000000000000000000e+000 9.11843918749604130000000000000000e-001 8.81560812503958400000000000000000e-002 0.00000000000000000000000000000000e+000 
0.00000000000000000000000000000000e+000 0.00000000000000000000000000000000e+000 0.00000000000000000000000000000000e+000 9.54828235643637610000000000000000e-001 4.51717643563623460000000000000000e-002 
0.00000000000000000000000000000000e+000 0.00000000000000000000000000000000e+000 0.00000000000000000000000000000000e+000 0.00000000000000000000000000000000e+000 1.00000000000000000000000000000000e+000 

9.38864613810069690000000000000000e-001 6.11353861899303350000000000000000e-002 0.00000000000000000000000000000000e+000 0.00000000000000000000000000000000e+000 0.00000000000000000000000000000000e+000 
0.00000000000000000000000000000000e+000 6.21622971642786900000000000000000e-001 3.78377028357213100000000000000000e-001 0.00000000000000000000000000000000e+000 0.00000000000000000000000000000000e+000 
0.00000000000000000000000000000000e+000 0.00000000000000000000000000000000e+000 8.82101564833708720000000000000000e-001 1.17898435166291380000000000000000e-001 0.00000000000000000000000000000000e+000 
0.00000000000000000000000000000000e+000 0.00000000000000000000000000000000e+000 0.00000000000000000000000000000000e+000 9.73277206524798880000000000000000e-001 2.67227934752011270000000000000000e-002 
0.00000000000000000000000000000000e+000 0.00000000000000000000000000000000e+000 0.00000000000000000000000000000000e+000 0.00000000000000000000000000000000e+000 1.00000000000000000000000000000000e+000 

9.19645463502725020000000000000000e-001 8.03545364972749750000000000000000e-002 0.00000000000000000000000000000000e+000 0.00000000000000000000000000000000e+000 0.00000000000000000000000000000000e+000 
0.00000000000000000000000000000000e+000 8.19986920954280500000000000000000e-001 1.80013079045719620000000000000000e-001 0.00000000000000000000000000000000e+000 0.00000000000000000000000000000000e+000 
0.00000000000000000000000000000000e+000 0.00000000000000000000000000000000e+000 9.16666666666663970000000000000000e-001 8.33333333333360630000000000000000e-002 0.00000000000000000000000000000000e+000 
0.00000000000000000000000000000000e+000 0.00000000000000000000000000000000e+000 0.00000000000000000000000000000000e+000 9.65517241385654760000000000000000e-001 3.44827586143452780000000000000000e-002 
0.00000000000000000000000000000000e+000 0.00000000000000000000000000000000e+000 0.00000000000000000000000000000000e+000 0.00000000000000000000000000000000e+000 1.00000000000000000000000000000000e+000 

6.67652809630555840000000000000000e-001 3.32347190369444160000000000000000e-001 0.00000000000000000000000000000000e+000 0.00000000000000000000000000000000e+000 0.00000000000000000000000000000000e+000 
0.00000000000000000000000000000000e+000 9.33293747079033230000000000000000e-001 6.67062529209668100000000000000000e-002 0.00000000000000000000000000000000e+000 0.00000000000000000000000000000000e+000 
0.00000000000000000000000000000000e+000 0.00000000000000000000000000000000e+000 0.00000000000000000000000000000000e+000 1.00000000000000000000000000000000e+000 0.00000000000000000000000000000000e+000 
0.00000000000000000000000000000000e+000 0.00000000000000000000000000000000e+000 0.00000000000000000000000000000000e+000 9.72972972972973360000000000000000e-001 2.70270270270266230000000000000000e-002 
0.00000000000000000000000000000000e+000 0.00000000000000000000000000000000e+000 0.00000000000000000000000000000000e+000 0.00000000000000000000000000000000e+000 1.00000000000000000000000000000000e+000 

8.99998227752170870000000000000000e-001 1.00001772247829110000000000000000e-001 0.00000000000000000000000000000000e+000 0.00000000000000000000000000000000e+000 0.00000000000000000000000000000000e+000 
0.00000000000000000000000000000000e+000 8.00004994968435910000000000000000e-001 1.99995005031564060000000000000000e-001 0.00000000000000000000000000000000e+000 0.00000000000000000000000000000000e+000 
0.00000000000000000000000000000000e+000 0.00000000000000000000000000000000e+000 9.20588457104818290000000000000000e-001 7.94115428951817220000000000000000e-002 0.00000000000000000000000000000000e+000 
0.00000000000000000000000000000000e+000 0.00000000000000000000000000000000e+000 0.00000000000000000000000000000000e+000 9.68160393715758790000000000000000e-001 3.18396062842411720000000000000000e-002 
0.00000000000000000000000000000000e+000 0.00000000000000000000000000000000e+000 0.00000000000000000000000000000000e+000 0.00000000000000000000000000000000e+000 1.00000000000000000000000000000000e+000 

8.67546037341318850000000000000000e-001 1.32453962658681150000000000000000e-001 0.00000000000000000000000000000000e+000 0.00000000000000000000000000000000e+000 0.00000000000000000000000000000000e+000 
0.00000000000000000000000000000000e+000 8.65775541497520450000000000000000e-001 1.34224458502479520000000000000000e-001 0.00000000000000000000000000000000e+000 0.00000000000000000000000000000000e+000 
0.00000000000000000000000000000000e+000 0.00000000000000000000000000000000e+000 6.42367192519098460000000000000000e-001 3.57632807480901480000000000000000e-001 0.00000000000000000000000000000000e+000 
0.00000000000000000000000000000000e+000 0.00000000000000000000000000000000e+000 0.00000000000000000000000000000000e+000 9.71596928983870070000000000000000e-001 2.84030710161299360000000000000000e-002 
0.00000000000000000000000000000000e+000 0.00000000000000000000000000000000e+000 0.00000000000000000000000000000000e+000 0.00000000000000000000000000000000e+000 1.00000000000000000000000000000000e+000 

7.97804362390352020000000000000000e-001 2.02195637609647900000000000000000e-001 0.00000000000000000000000000000000e+000 0.00000000000000000000000000000000e+000 0.00000000000000000000000000000000e+000 
0.00000000000000000000000000000000e+000 9.03774250988855000000000000000000e-001 9.62257490111449730000000000000000e-002 0.00000000000000000000000000000000e+000 0.00000000000000000000000000000000e+000 
0.00000000000000000000000000000000e+000 0.00000000000000000000000000000000e+000 3.98339205378899390000000000000000e-001 6.01660794621100560000000000000000e-001 0.00000000000000000000000000000000e+000 
0.00000000000000000000000000000000e+000 0.00000000000000000000000000000000e+000 0.00000000000000000000000000000000e+000 9.72972972972973030000000000000000e-001 2.70270270270270290000000000000000e-002 
0.00000000000000000000000000000000e+000 0.00000000000000000000000000000000e+000 0.00000000000000000000000000000000e+000 0.00000000000000000000000000000000e+000 1.00000000000000000000000000000000e+000 

9.22084486120881010000000000000000e-001 7.79155138791189500000000000000000e-002 0.00000000000000000000000000000000e+000 0.00000000000000000000000000000000e+000 0.00000000000000000000000000000000e+000 
0.00000000000000000000000000000000e+000 5.38231118812669830000000000000000e-001 4.61768881187330170000000000000000e-001 0.00000000000000000000000000000000e+000 0.00000000000000000000000000000000e+000 
0.00000000000000000000000000000000e+000 0.00000000000000000000000000000000e+000 8.75000000000000330000000000000000e-001 1.24999999999999720000000000000000e-001 0.00000000000000000000000000000000e+000 
0.00000000000000000000000000000000e+000 0.00000000000000000000000000000000e+000 0.00000000000000000000000000000000e+000 9.58333333333351240000000000000000e-001 4.16666666666487270000000000000000e-002 
0.00000000000000000000000000000000e+000 0.00000000000000000000000000000000e+000 0.00000000000000000000000000000000e+000 0.00000000000000000000000000000000e+000 1.00000000000000000000000000000000e+000 

9.18702515215750970000000000000000e-001 8.12974847842490720000000000000000e-002 0.00000000000000000000000000000000e+000 0.00000000000000000000000000000000e+000 0.00000000000000000000000000000000e+000 
0.00000000000000000000000000000000e+000 7.87208334543507140000000000000000e-001 2.12791665456492890000000000000000e-001 0.00000000000000000000000000000000e+000 0.00000000000000000000000000000000e+000 
0.00000000000000000000000000000000e+000 0.00000000000000000000000000000000e+000 1.04355629108015440000000000000000e-001 8.95644370891984560000000000000000e-001 0.00000000000000000000000000000000e+000 
0.00000000000000000000000000000000e+000 0.00000000000000000000000000000000e+000 0.00000000000000000000000000000000e+000 9.73603314972739110000000000000000e-001 2.63966850272609260000000000000000e-002 
0.00000000000000000000000000000000e+000 0.00000000000000000000000000000000e+000 0.00000000000000000000000000000000e+000 0.00000000000000000000000000000000e+000 1.00000000000000000000000000000000e+000 

8.13317774438148340000000000000000e-001 1.86682225561851600000000000000000e-001 0.00000000000000000000000000000000e+000 0.00000000000000000000000000000000e+000 0.00000000000000000000000000000000e+000 
0.00000000000000000000000000000000e+000 8.84511832726521340000000000000000e-001 1.15488167273478760000000000000000e-001 0.00000000000000000000000000000000e+000 0.00000000000000000000000000000000e+000 
0.00000000000000000000000000000000e+000 0.00000000000000000000000000000000e+000 9.28491788271781030000000000000000e-001 7.15082117282190150000000000000000e-002 0.00000000000000000000000000000000e+000 
0.00000000000000000000000000000000e+000 0.00000000000000000000000000000000e+000 0.00000000000000000000000000000000e+000 9.59911450475998020000000000000000e-001 4.00885495240019890000000000000000e-002 
0.00000000000000000000000000000000e+000 0.00000000000000000000000000000000e+000 0.00000000000000000000000000000000e+000 0.00000000000000000000000000000000e+000 1.00000000000000000000000000000000e+000 

9.26765096236115030000000000000000e-001 7.32349037638850010000000000000000e-002 0.00000000000000000000000000000000e+000 0.00000000000000000000000000000000e+000 0.00000000000000000000000000000000e+000 
0.00000000000000000000000000000000e+000 7.69866239224320630000000000000000e-001 2.30133760775679400000000000000000e-001 0.00000000000000000000000000000000e+000 0.00000000000000000000000000000000e+000 
0.00000000000000000000000000000000e+000 0.00000000000000000000000000000000e+000 7.96516748725955790000000000000000e-001 2.03483251274044210000000000000000e-001 0.00000000000000000000000000000000e+000 
0.00000000000000000000000000000000e+000 0.00000000000000000000000000000000e+000 0.00000000000000000000000000000000e+000 9.70662098088107660000000000000000e-001 2.93379019118923880000000000000000e-002 
0.00000000000000000000000000000000e+000 0.00000000000000000000000000000000e+000 0.00000000000000000000000000000000e+000 0.00000000000000000000000000000000e+000 1.00000000000000000000000000000000e+000 

8.80049845834377950000000000000000e-001 1.19950154165622030000000000000000e-001 0.00000000000000000000000000000000e+000 0.00000000000000000000000000000000e+000 0.00000000000000000000000000000000e+000 
0.00000000000000000000000000000000e+000 8.83866579230444650000000000000000e-001 1.16133420769555380000000000000000e-001 0.00000000000000000000000000000000e+000 0.00000000000000000000000000000000e+000 
0.00000000000000000000000000000000e+000 0.00000000000000000000000000000000e+000 6.46977578067342910000000000000000e-001 3.53022421932657090000000000000000e-001 0.00000000000000000000000000000000e+000 
0.00000000000000000000000000000000e+000 0.00000000000000000000000000000000e+000 0.00000000000000000000000000000000e+000 9.69897409281373360000000000000000e-001 3.01025907186266840000000000000000e-002 
0.00000000000000000000000000000000e+000 0.00000000000000000000000000000000e+000 0.00000000000000000000000000000000e+000 0.00000000000000000000000000000000e+000 1.00000000000000000000000000000000e+000 

7.80741558330676490000000000000000e-001 2.19258441669323590000000000000000e-001 0.00000000000000000000000000000000e+000 0.00000000000000000000000000000000e+000 0.00000000000000000000000000000000e+000 
0.00000000000000000000000000000000e+000 8.81504344504378310000000000000000e-001 1.18495655495621670000000000000000e-001 0.00000000000000000000000000000000e+000 0.00000000000000000000000000000000e+000 
0.00000000000000000000000000000000e+000 0.00000000000000000000000000000000e+000 9.22754497191765830000000000000000e-001 7.72455028082341540000000000000000e-002 0.00000000000000000000000000000000e+000 
0.00000000000000000000000000000000e+000 0.00000000000000000000000000000000e+000 0.00000000000000000000000000000000e+000 9.56624153617642530000000000000000e-001 4.33758463823575020000000000000000e-002 
0.00000000000000000000000000000000e+000 0.00000000000000000000000000000000e+000 0.00000000000000000000000000000000e+000 0.00000000000000000000000000000000e+000 1.00000000000000000000000000000000e+000 

9.41388707319650080000000000000000e-001 5.86112926803499730000000000000000e-002 0.00000000000000000000000000000000e+000 0.00000000000000000000000000000000e+000 0.00000000000000000000000000000000e+000 
0.00000000000000000000000000000000e+000 9.16236972667059950000000000000000e-001 8.37630273329400680000000000000000e-002 0.00000000000000000000000000000000e+000 0.00000000000000000000000000000000e+000 
0.00000000000000000000000000000000e+000 0.00000000000000000000000000000000e+000 9.00000000000000020000000000000000e-001 1.00000000000000010000000000000000e-001 0.00000000000000000000000000000000e+000 
0.00000000000000000000000000000000e+000 0.00000000000000000000000000000000e+000 0.00000000000000000000000000000000e+000 9.58333333333333370000000000000000e-001 4.16666666666666570000000000000000e-002 
0.00000000000000000000000000000000e+000 0.00000000000000000000000000000000e+000 0.00000000000000000000000000000000e+000 0.00000000000000000000000000000000e+000 1.00000000000000000000000000000000e+000 

7.15071372752148720000000000000000e-001 2.84928627247851280000000000000000e-001 0.00000000000000000000000000000000e+000 0.00000000000000000000000000000000e+000 0.00000000000000000000000000000000e+000 
0.00000000000000000000000000000000e+000 9.39358470147776070000000000000000e-001 6.06415298522239370000000000000000e-002 0.00000000000000000000000000000000e+000 0.00000000000000000000000000000000e+000 
0.00000000000000000000000000000000e+000 0.00000000000000000000000000000000e+000 8.75000000000000000000000000000000e-001 1.25000000000000000000000000000000e-001 0.00000000000000000000000000000000e+000 
0.00000000000000000000000000000000e+000 0.00000000000000000000000000000000e+000 0.00000000000000000000000000000000e+000 9.32444862876280140000000000000000e-001 6.75551371237198410000000000000000e-002 
0.00000000000000000000000000000000e+000 0.00000000000000000000000000000000e+000 0.00000000000000000000000000000000e+000 0.00000000000000000000000000000000e+000 1.00000000000000000000000000000000e+000 

6.53929959275959120000000000000000e-148 1.00000000000000000000000000000000e+000 0.00000000000000000000000000000000e+000 0.00000000000000000000000000000000e+000 0.00000000000000000000000000000000e+000 
0.00000000000000000000000000000000e+000 9.23076913848404290000000000000000e-001 7.69230861515956820000000000000000e-002 0.00000000000000000000000000000000e+000 0.00000000000000000000000000000000e+000 
0.00000000000000000000000000000000e+000 0.00000000000000000000000000000000e+000 7.50065307206804870000000000000000e-001 2.49934692793195110000000000000000e-001 0.00000000000000000000000000000000e+000 
0.00000000000000000000000000000000e+000 0.00000000000000000000000000000000e+000 0.00000000000000000000000000000000e+000 9.68748980798088020000000000000000e-001 3.12510192019119570000000000000000e-002 
0.00000000000000000000000000000000e+000 0.00000000000000000000000000000000e+000 0.00000000000000000000000000000000e+000 0.00000000000000000000000000000000e+000 1.00000000000000000000000000000000e+000 

7.50000000000000000000000000000000e-001 2.50000000000000000000000000000000e-001 0.00000000000000000000000000000000e+000 0.00000000000000000000000000000000e+000 0.00000000000000000000000000000000e+000 
0.00000000000000000000000000000000e+000 6.37027003311289140000000000000000e-001 3.62972996688710800000000000000000e-001 0.00000000000000000000000000000000e+000 0.00000000000000000000000000000000e+000 
0.00000000000000000000000000000000e+000 0.00000000000000000000000000000000e+000 9.34404611500322170000000000000000e-001 6.55953884996778170000000000000000e-002 0.00000000000000000000000000000000e+000 
0.00000000000000000000000000000000e+000 0.00000000000000000000000000000000e+000 0.00000000000000000000000000000000e+000 9.74358974358974340000000000000000e-001 2.56410256410256400000000000000000e-002 
0.00000000000000000000000000000000e+000 0.00000000000000000000000000000000e+000 0.00000000000000000000000000000000e+000 0.00000000000000000000000000000000e+000 1.00000000000000000000000000000000e+000 

8.33333333333333370000000000000000e-001 1.66666666666666660000000000000000e-001 0.00000000000000000000000000000000e+000 0.00000000000000000000000000000000e+000 0.00000000000000000000000000000000e+000 
0.00000000000000000000000000000000e+000 9.00000000000000020000000000000000e-001 9.99999999999999780000000000000000e-002 0.00000000000000000000000000000000e+000 0.00000000000000000000000000000000e+000 
0.00000000000000000000000000000000e+000 0.00000000000000000000000000000000e+000 9.54545454545454590000000000000000e-001 4.54545454545454560000000000000000e-002 0.00000000000000000000000000000000e+000 
0.00000000000000000000000000000000e+000 0.00000000000000000000000000000000e+000 0.00000000000000000000000000000000e+000 9.54545454545454590000000000000000e-001 4.54545454545454560000000000000000e-002 
0.00000000000000000000000000000000e+000 0.00000000000000000000000000000000e+000 0.00000000000000000000000000000000e+000 0.00000000000000000000000000000000e+000 1.00000000000000000000000000000000e+000 

8.75000000000000000000000000000000e-001 1.25000000000000000000000000000000e-001 0.00000000000000000000000000000000e+000 0.00000000000000000000000000000000e+000 0.00000000000000000000000000000000e+000 
0.00000000000000000000000000000000e+000 7.49999999999999890000000000000000e-001 2.50000000000000110000000000000000e-001 0.00000000000000000000000000000000e+000 0.00000000000000000000000000000000e+000 
0.00000000000000000000000000000000e+000 0.00000000000000000000000000000000e+000 0.00000000000000000000000000000000e+000 1.00000000000000000000000000000000e+000 0.00000000000000000000000000000000e+000 
0.00000000000000000000000000000000e+000 0.00000000000000000000000000000000e+000 0.00000000000000000000000000000000e+000 9.71428571428571420000000000000000e-001 2.85714285714285710000000000000000e-002 
0.00000000000000000000000000000000e+000 0.00000000000000000000000000000000e+000 0.00000000000000000000000000000000e+000 0.00000000000000000000000000000000e+000 1.00000000000000000000000000000000e+000 

7.48120998432783790000000000000000e-001 2.51879001567216210000000000000000e-001 0.00000000000000000000000000000000e+000 0.00000000000000000000000000000000e+000 0.00000000000000000000000000000000e+000 
0.00000000000000000000000000000000e+000 8.88670951096290680000000000000000e-001 1.11329048903709270000000000000000e-001 0.00000000000000000000000000000000e+000 0.00000000000000000000000000000000e+000 
0.00000000000000000000000000000000e+000 0.00000000000000000000000000000000e+000 6.09268836982906900000000000000000e-001 3.90731163017093100000000000000000e-001 0.00000000000000000000000000000000e+000 
0.00000000000000000000000000000000e+000 0.00000000000000000000000000000000e+000 0.00000000000000000000000000000000e+000 9.74675916809783940000000000000000e-001 2.53240831902160520000000000000000e-002 
0.00000000000000000000000000000000e+000 0.00000000000000000000000000000000e+000 0.00000000000000000000000000000000e+000 0.00000000000000000000000000000000e+000 1.00000000000000000000000000000000e+000 

8.14206308707491220000000000000000e-001 1.85793691292508750000000000000000e-001 0.00000000000000000000000000000000e+000 0.00000000000000000000000000000000e+000 0.00000000000000000000000000000000e+000 
0.00000000000000000000000000000000e+000 8.93957912402886800000000000000000e-001 1.06042087597113210000000000000000e-001 0.00000000000000000000000000000000e+000 0.00000000000000000000000000000000e+000 
0.00000000000000000000000000000000e+000 0.00000000000000000000000000000000e+000 7.60745012779775460000000000000000e-001 2.39254987220224560000000000000000e-001 0.00000000000000000000000000000000e+000 
0.00000000000000000000000000000000e+000 0.00000000000000000000000000000000e+000 0.00000000000000000000000000000000e+000 9.68757641451840620000000000000000e-001 3.12423585481593980000000000000000e-002 
0.00000000000000000000000000000000e+000 0.00000000000000000000000000000000e+000 0.00000000000000000000000000000000e+000 0.00000000000000000000000000000000e+000 1.00000000000000000000000000000000e+000 

8.99590528688265830000000000000000e-001 1.00409471311734170000000000000000e-001 0.00000000000000000000000000000000e+000 0.00000000000000000000000000000000e+000 0.00000000000000000000000000000000e+000 
0.00000000000000000000000000000000e+000 7.48838946059779960000000000000000e-001 2.51161053940220150000000000000000e-001 0.00000000000000000000000000000000e+000 0.00000000000000000000000000000000e+000 
0.00000000000000000000000000000000e+000 0.00000000000000000000000000000000e+000 5.43781650407918370000000000000000e-001 4.56218349592081630000000000000000e-001 0.00000000000000000000000000000000e+000 
0.00000000000000000000000000000000e+000 0.00000000000000000000000000000000e+000 0.00000000000000000000000000000000e+000 9.75530581567850000000000000000000e-001 2.44694184321499820000000000000000e-002 
0.00000000000000000000000000000000e+000 0.00000000000000000000000000000000e+000 0.00000000000000000000000000000000e+000 0.00000000000000000000000000000000e+000 1.00000000000000000000000000000000e+000 

9.45327430297273730000000000000000e-001 5.46725697027262490000000000000000e-002 0.00000000000000000000000000000000e+000 0.00000000000000000000000000000000e+000 0.00000000000000000000000000000000e+000 
0.00000000000000000000000000000000e+000 4.14962502638083760000000000000000e-001 5.85037497361916240000000000000000e-001 0.00000000000000000000000000000000e+000 0.00000000000000000000000000000000e+000 
0.00000000000000000000000000000000e+000 0.00000000000000000000000000000000e+000 9.44143740265926510000000000000000e-001 5.58562597340734600000000000000000e-002 0.00000000000000000000000000000000e+000 
0.00000000000000000000000000000000e+000 0.00000000000000000000000000000000e+000 0.00000000000000000000000000000000e+000 9.58500892284922970000000000000000e-001 4.14991077150770120000000000000000e-002 
0.00000000000000000000000000000000e+000 0.00000000000000000000000000000000e+000 0.00000000000000000000000000000000e+000 0.00000000000000000000000000000000e+000 1.00000000000000000000000000000000e+000 

8.83661809783750200000000000000000e-001 1.16338190216249820000000000000000e-001 0.00000000000000000000000000000000e+000 0.00000000000000000000000000000000e+000 0.00000000000000000000000000000000e+000 
0.00000000000000000000000000000000e+000 7.64578966794828620000000000000000e-001 2.35421033205171330000000000000000e-001 0.00000000000000000000000000000000e+000 0.00000000000000000000000000000000e+000 
0.00000000000000000000000000000000e+000 0.00000000000000000000000000000000e+000 2.76177687120877810000000000000000e-001 7.23822312879122130000000000000000e-001 0.00000000000000000000000000000000e+000 
0.00000000000000000000000000000000e+000 0.00000000000000000000000000000000e+000 0.00000000000000000000000000000000e+000 9.74803891009433990000000000000000e-001 2.51961089905660620000000000000000e-002 
0.00000000000000000000000000000000e+000 0.00000000000000000000000000000000e+000 0.00000000000000000000000000000000e+000 0.00000000000000000000000000000000e+000 1.00000000000000000000000000000000e+000 

8.89813157380380140000000000000000e-001 1.10186842619619920000000000000000e-001 0.00000000000000000000000000000000e+000 0.00000000000000000000000000000000e+000 0.00000000000000000000000000000000e+000 
0.00000000000000000000000000000000e+000 9.28184168181545370000000000000000e-001 7.18158318184546620000000000000000e-002 0.00000000000000000000000000000000e+000 0.00000000000000000000000000000000e+000 
0.00000000000000000000000000000000e+000 0.00000000000000000000000000000000e+000 9.44277512899211690000000000000000e-001 5.57224871007883440000000000000000e-002 0.00000000000000000000000000000000e+000 
0.00000000000000000000000000000000e+000 0.00000000000000000000000000000000e+000 0.00000000000000000000000000000000e+000 9.54656595520989250000000000000000e-001 4.53434044790107380000000000000000e-002 
0.00000000000000000000000000000000e+000 0.00000000000000000000000000000000e+000 0.00000000000000000000000000000000e+000 0.00000000000000000000000000000000e+000 1.00000000000000000000000000000000e+000 

8.53181856776281560000000000000000e-001 1.46818143223718470000000000000000e-001 0.00000000000000000000000000000000e+000 0.00000000000000000000000000000000e+000 0.00000000000000000000000000000000e+000 
0.00000000000000000000000000000000e+000 8.93952517200643170000000000000000e-001 1.06047482799356790000000000000000e-001 0.00000000000000000000000000000000e+000 0.00000000000000000000000000000000e+000 
0.00000000000000000000000000000000e+000 0.00000000000000000000000000000000e+000 6.37564877444932400000000000000000e-001 3.62435122555067660000000000000000e-001 0.00000000000000000000000000000000e+000 
0.00000000000000000000000000000000e+000 0.00000000000000000000000000000000e+000 0.00000000000000000000000000000000e+000 9.75609756097560950000000000000000e-001 2.43902439024390250000000000000000e-002 
0.00000000000000000000000000000000e+000 0.00000000000000000000000000000000e+000 0.00000000000000000000000000000000e+000 0.00000000000000000000000000000000e+000 1.00000000000000000000000000000000e+000 

8.95214753054678570000000000000000e-001 1.04785246945321350000000000000000e-001 0.00000000000000000000000000000000e+000 0.00000000000000000000000000000000e+000 0.00000000000000000000000000000000e+000 
0.00000000000000000000000000000000e+000 8.81750170603677440000000000000000e-001 1.18249829396322480000000000000000e-001 0.00000000000000000000000000000000e+000 0.00000000000000000000000000000000e+000 
0.00000000000000000000000000000000e+000 0.00000000000000000000000000000000e+000 9.44294804259055540000000000000000e-001 5.57051957409444990000000000000000e-002 0.00000000000000000000000000000000e+000 
0.00000000000000000000000000000000e+000 0.00000000000000000000000000000000e+000 0.00000000000000000000000000000000e+000 9.61609857133643780000000000000000e-001 3.83901428663562460000000000000000e-002 
0.00000000000000000000000000000000e+000 0.00000000000000000000000000000000e+000 0.00000000000000000000000000000000e+000 0.00000000000000000000000000000000e+000 1.00000000000000000000000000000000e+000 

7.11800339849316340000000000000000e-001 2.88199660150683660000000000000000e-001 0.00000000000000000000000000000000e+000 0.00000000000000000000000000000000e+000 0.00000000000000000000000000000000e+000 
0.00000000000000000000000000000000e+000 7.71240717168176440000000000000000e-001 2.28759282831823590000000000000000e-001 0.00000000000000000000000000000000e+000 0.00000000000000000000000000000000e+000 
0.00000000000000000000000000000000e+000 0.00000000000000000000000000000000e+000 2.83590718587973630000000000000000e-001 7.16409281412026310000000000000000e-001 0.00000000000000000000000000000000e+000 
0.00000000000000000000000000000000e+000 0.00000000000000000000000000000000e+000 0.00000000000000000000000000000000e+000 9.75467904123612170000000000000000e-001 2.45320958763877960000000000000000e-002 
0.00000000000000000000000000000000e+000 0.00000000000000000000000000000000e+000 0.00000000000000000000000000000000e+000 0.00000000000000000000000000000000e+000 1.00000000000000000000000000000000e+000 

